[ 0.000168927, 0.00021167, 1 ]
[ 0.419918, 0.907552, -0.00432083 ]
[ -0.00310148, -0.00172218, -0.999994 ]
[ -0.00205159, 0.00115389, -0.999997 ]
[ 0.00120959, 0.000247716, 0.999999 ]
[ -0.00144117, 0.000555686, -0.999999 ]
[ 0.00310906, 0.00514586, -0.999982 ]
[ 0.000614525, 5.08101e-05, -1 ]
[ -0.0370299, 0.0680832, 0.996992 ]
[ -0.000153252, 0.001576, 0.999999 ]
[ 0.000815285, 0.00153254, 0.999999 ]
[ 0.907001, -0.421128, 0.000190041 ]
[ 0.218961, -0.158563, -0.962764 ]
[ 0.293527, -0.128784, 0.947236 ]
[ -0.00898317, -0.0206062, 0.999747 ]
[ -0.015877, 0.0063286, -0.999854 ]
[ 0.0106819, 0.0244421, 0.999644 ]
[ 0.000257478, -0.000671898, -1 ]
[ -0.0135386, -0.0172204, -0.99976 ]
[ 0.516383, -0.255462, 0.817366 ]
[ -0.000975408, 0.00162349, 0.999998 ]
[ 0.013654, -0.00921372, 0.999864 ]
[ -0.175224, -0.35674, 0.917624 ]
[ 0.00277149, -0.001797, -0.999995 ]
[ 0.0080141, 0.00245467, -0.999965 ]
[ 0.416897, 0.908925, -0.00718943 ]
[ -0.515437, 0.255874, 0.817834 ]
[ -0.420443, -0.90726, 0.0103377 ]
[ -0.0103431, -0.0237642, -0.999664 ]
[ -0.0658828, -0.09116, 0.993654 ]
[ -0.00704229, 0.000653623, -0.999975 ]
[ 0.183136, 0.268155, 0.945809 ]
[ -0.0395424, 0.0287491, -0.998804 ]
[ -0.411193, -0.888557, 0.203437 ]
[ 0.185412, 0.352418, 0.917292 ]
[ 0.00816945, 0.00776854, -0.999936 ]
[ -0.00402122, 0.0021125, 0.99999 ]
[ -0.00592964, -0.0197338, 0.999788 ]
[ -0.00594535, 0.00852375, -0.999946 ]
[ 0.0102179, -0.016471, 0.999812 ]
[ 0.305226, 0.654401, -0.691807 ]
[ -0.0530842, -0.102154, 0.993351 ]
[ 0.372924, 0.514291, 0.77229 ]
[ 0.00030374, -0.00240975, 0.999997 ]
[ 0.0211666, -0.00492591, -0.999764 ]
[ -0.00700945, -0.00737079, -0.999948 ]
[ 0.00216227, 0.00350873, -0.999991 ]
[ -0.000781134, 0.00181742, -0.999998 ]
[ 0.000358777, -0.0045481, 0.99999 ]
[ 0.00833774, 0.00839961, -0.99993 ]
[ 0.369584, 0.52443, -0.76706 ]
[ -0.00197014, 0.00712307, 0.999973 ]
[ 0.00124951, 0.00569393, 0.999983 ]
[ 0.907496, -0.420055, 0.00206782 ]
[ 0.0268946, -0.0101999, 0.999586 ]
[ -0.0144643, 0.00802318, 0.999863 ]
[ -0.0104728, 0.000140293, 0.999945 ]
[ 0.00706364, -0.011499, -0.999909 ]
[ 0.0111921, 0.0353326, 0.999313 ]
[ -0.0038926, -0.00539106, -0.999978 ]
[ -0.0139357, 0.0118716, -0.999832 ]
[ 0.444046, -0.231012, 0.865712 ]
[ 0.0120687, 0.000145003, 0.999927 ]
[ -0.448414, 0.224392, 0.865201 ]
[ -0.000243338, -0.00330502, -0.999994 ]
[ -0.534435, 0.254285, 0.806051 ]
[ -0.447671, 0.222631, -0.86604 ]
[ 0.000432241, 0.000537148, 1 ]
[ -0.906814, 0.421527, -0.00182823 ]
[ -0.0147991, -0.000261656, 0.999891 ]
[ 0.177909, 0.390348, -0.903315 ]
[ 7.75003e-05, -0.00109987, -0.999999 ]
[ -0.0204341, 0.01722, -0.999643 ]
[ -0.146536, -0.317369, 0.936912 ]
[ -0.279122, -0.600976, 0.748946 ]
[ -0.000114553, -0.00031069, 1 ]
[ 0.103363, -0.0697507, 0.992195 ]
[ 0.0024437, 0.00201255, -0.999995 ]
[ 0.0039172, 0.00183359, -0.999991 ]
[ -0.482388, 0.344078, -0.805551 ]
[ 0.284062, 0.3899, 0.875949 ]
[ 0.0211032, 0.0514817, 0.998451 ]
[ -0.00189333, -0.00240582, 0.999995 ]
[ -0.0380595, -0.0420793, 0.998389 ]
[ -0.335468, -0.941795, -0.0220069 ]
[ 0.899089, -0.415856, -0.136758 ]
[ -0.128154, -0.276587, 0.952405 ]
[ 0.278336, 0.593665, -0.755044 ]
[ 0.215673, 0.466339, -0.857912 ]
[ 0.0183105, 0.042328, 0.998936 ]
[ -0.011275, 0.0125171, -0.999858 ]
[ -0.433284, 0.195902, -0.879709 ]
[ -0.000687069, -0.000439373, -1 ]
[ 0.0109142, 0.0302735, -0.999482 ]
[ -0.146922, -0.317643, -0.936759 ]
[ 0.28726, 0.40769, -0.866759 ]
[ -0.0039099, -0.000823268, 0.999992 ]
[ 0.0122127, 0.010461, 0.999871 ]
[ 0.070318, 0.0420058, 0.99664 ]
[ 0.000667669, -0.0071864, 0.999974 ]
[ -0.816497, 0.565564, -0.116061 ]
[ 0.0454242, 0.028373, 0.998565 ]
[ -0.0220002, -0.00703776, -0.999733 ]
[ 0.00904815, 0.0158325, -0.999834 ]
[ 0.340291, -0.250567, 0.906321 ]
[ -0.0238081, 0.0258875, -0.999381 ]
[ -0.00956719, -0.0166829, 0.999815 ]
[ -0.908349, 0.418205, 0.00251333 ]
[ -0.0161844, -0.151471, 0.988329 ]
[ -0.0643245, -0.0911539, 0.993757 ]
[ -0.00474566, -0.00908658, 0.999947 ]
[ -0.0143832, -0.000860645, 0.999896 ]
[ -0.00938066, 0.00681482, 0.999933 ]
[ -0.182581, 0.04915, 0.981962 ]
[ 0.208686, -0.153404, -0.965877 ]
[ -0.135066, -0.297125, 0.945238 ]
[ -0.00102561, -0.0015854, 0.999998 ]
